2014 11 4 00 35 460.29 460.29 
2014 11 4 00 36 218.31 218.31 
2014 11 4 00 37 73.29 -393.53 
2014 11 4 00 38 119.85 119.85 
2014 11 4 00 39 -356.49 -356.49 
2014 11 4 00 40 90.80 90.80 
2014 11 4 00 41 73.29 64.74 
2014 11 4 00 42 73.06 64.62 
2014 11 4 00 43 72.72 161.30 
2014 11 4 00 44 484.87 484.87 
2014 11 4 00 45 267.22 64.62 
2014 11 4 00 46 -74.78 -74.78 
2014 11 4 00 55 -2.96 -2.96 
2014 11 4 00 56 -150.39 -150.39 
2014 11 4 00 57 455.21 455.21 
2014 11 4 00 58 73.29 65.53 
2014 11 4 00 59 -191.51 -191.51 
2014 11 4 01 00 -237.59 -237.59 
2014 11 4 01 01 201.92 201.92 
2014 11 4 01 02 73.74 65.41 
2014 11 4 01 03 477.70 477.70 
2014 11 4 01 04 73.51 65.07 
2014 11 4 01 05 73.29 -387.91 
2014 11 4 01 06 457.25 457.25 
2014 11 4 01 07 180.33 180.33 
2014 11 4 01 08 -80.05 -80.05 
2014 11 4 01 10 158.25 158.25 
2014 11 4 01 10 72.61 64.29 
2014 11 4 01 11 72.50 64.17 
2014 11 4 01 11 72.39 64.17 
2014 11 4 01 12 375.20 375.20 
2014 11 4 01 13 457.97 457.97 
2014 11 4 01 14 -46.90 -46.90 
2014 11 4 01 14 73.17 64.96 
2014 11 4 01 15 73.06 64.96 
2014 11 4 01 16 281.78 281.78 
2014 11 4 01 17 -302.59 -302.59 
2014 11 4 01 22 72.95 65.07 
2014 11 4 01 23 -267.90 -267.90 
2014 11 4 01 24 73.06 65.19 
2014 11 4 01 25 -416.88 -416.88 
2014 11 4 01 26 73.40 65.07 
2014 11 4 01 27 29.89 29.89 
2014 11 4 01 30 199.06 199.06 
2014 11 4 01 31 73.06 64.74 
2014 11 4 01 32 -265.49 -265.49 
2014 11 4 01 33 428.82 428.82 
2014 11 4 01 34 260.87 260.87 
2014 11 4 01 36 139.35 64.29 
2014 11 4 01 37 95.69 95.69 
2014 11 4 01 38 27.91 27.91 
2014 11 4 01 43 10.81 10.81 
2014 11 4 01 44 239.59 239.59 
2014 11 4 01 45 73.85 65.86 
2014 11 4 01 46 73.74 -124.23 
2014 11 4 01 46 73.85 65.86 
2014 11 4 01 47 486.12 486.12 
2014 11 4 01 47 73.85 65.75 
2014 11 4 01 48 279.01 279.01 
2014 11 4 01 49 73.85 167.10 
2014 11 4 01 50 -230.48 -230.48 
2014 11 4 01 51 73.85 65.53 
2014 11 4 01 52 73.51 65.41 
