2014 11 4 00 55 336.19 336.19 
2014 11 4 00 56 -425.82 -425.82 
2014 11 4 00 57 100.54 100.54 
2014 11 4 00 58 268.77 268.77 
2014 11 4 00 59 -270.12 -270.12 
2014 11 4 01 00 -121.97 -121.97 
2014 11 4 01 01 352.91 352.91 
2014 11 4 01 02 24.60 24.60 
2014 11 4 01 03 -241.84 -241.84 
2014 11 4 01 04 132.86 132.86 
2014 11 4 01 05 266.11 266.11 
2014 11 4 01 06 94.78 66.65 
2014 11 4 01 07 -191.23 -191.23 
2014 11 4 01 08 -94.22 -94.22 
2014 11 4 01 10 202.42 202.42 
2014 11 4 01 11 94.83 94.83 
2014 11 4 01 12 -282.21 -282.21 
2014 11 4 01 13 372.35 372.35 
2014 11 4 01 14 -101.42 -101.42 
2014 11 4 01 15 -61.97 -61.97 
2014 11 4 01 16 -8.71 -8.71 
2014 11 4 01 17 -60.94 -60.94 
2014 11 4 01 23 -412.96 -412.96 
2014 11 4 01 24 -279.19 -279.19 
2014 11 4 01 25 -90.09 -90.09 
2014 11 4 01 26 140.89 140.89 
2014 11 4 01 27 95.11 66.99 
2014 11 4 01 30 -17.61 -17.61 
2014 11 4 01 31 -293.98 -293.98 
2014 11 4 01 32 94.66 66.42 
2014 11 4 01 33 316.89 316.89 
2014 11 4 01 34 -343.72 -343.72 
2014 11 4 01 36 -111.38 -111.38 
2014 11 4 01 37 -74.26 -74.26 
2014 11 4 01 38 273.62 273.62 
2014 11 4 01 43 94.89 68.00 
2014 11 4 01 44 172.51 172.51 
2014 11 4 01 45 303.90 303.90 
2014 11 4 01 46 -305.39 -305.39 
2014 11 4 01 47 -372.18 -372.18 
2014 11 4 01 48 -368.78 -368.78 
2014 11 4 01 49 -380.07 -380.07 
2014 11 4 01 50 -244.79 -244.79 
2014 11 4 01 51 50.18 50.18 
2014 11 4 01 52 -388.98 -388.98 
