2014 11 4 00 55 -256.25 -256.25 
2014 11 4 00 56 381.47 381.47 
2014 11 4 00 57 -155.59 -155.59 
2014 11 4 00 58 94.66 64.06 
2014 11 4 00 59 94.78 64.17 
2014 11 4 01 00 94.66 64.29 
2014 11 4 01 01 -403.13 -403.13 
2014 11 4 01 02 -276.15 -276.15 
2014 11 4 01 03 213.69 213.69 
2014 11 4 01 04 -204.87 -204.87 
2014 11 4 01 05 -199.15 -199.15 
2014 11 4 01 06 172.10 172.10 
2014 11 4 01 07 203.84 203.84 
2014 11 4 01 08 -257.93 -257.93 
2014 11 4 01 10 54.82 54.82 
2014 11 4 01 11 94.44 61.14 
2014 11 4 01 12 346.51 346.51 
2014 11 4 01 13 247.72 247.72 
2014 11 4 01 14 94.21 62.15 
2014 11 4 01 15 47.27 47.27 
2014 11 4 01 16 415.19 415.19 
2014 11 4 01 17 463.04 463.04 
2014 11 4 01 23 197.77 197.77 
2014 11 4 01 24 44.74 44.74 
2014 11 4 01 25 -391.23 -391.23 
2014 11 4 01 26 94.55 63.95 
2014 11 4 01 27 457.67 457.67 
2014 11 4 01 30 -374.29 -374.29 
2014 11 4 01 31 26.39 26.39 
2014 11 4 01 32 -402.11 -402.11 
2014 11 4 01 33 -367.77 -367.77 
2014 11 4 01 34 -198.37 -198.37 
2014 11 4 01 36 -266.04 -266.04 
2014 11 4 01 37 451.22 451.22 
2014 11 4 01 38 -377.75 -377.75 
2014 11 4 01 43 335.67 335.67 
2014 11 4 01 44 -368.30 -368.30 
2014 11 4 01 45 382.34 382.34 
2014 11 4 01 46 -136.62 -136.62 
2014 11 4 01 47 -202.65 -202.65 
2014 11 4 01 48 94.78 64.29 
2014 11 4 01 49 -365.70 -365.70 
2014 11 4 01 50 129.43 129.43 
2014 11 4 01 51 -115.04 -115.04 
2014 11 4 01 52 403.63 403.63 
