2014 11 4 00 55 96.35 64.74 
2014 11 4 00 56 95.79 64.74 
2014 11 4 00 57 394.76 394.76 
2014 11 4 00 58 95.90 64.74 
2014 11 4 00 59 -277.64 -277.64 
2014 11 4 01 00 290.47 290.47 
2014 11 4 01 01 82.82 82.82 
2014 11 4 01 02 -421.74 64.62 
2014 11 4 01 03 -275.05 -275.05 
2014 11 4 01 04 95.90 -389.86 
2014 11 4 01 05 -398.89 -398.89 
2014 11 4 01 06 95.90 63.27 
2014 11 4 01 07 -166.58 -166.58 
2014 11 4 01 08 -344.62 -344.62 
2014 11 4 01 10 -340.64 -340.64 
2014 11 4 01 11 95.67 62.60 
2014 11 4 01 12 95.34 62.49 
2014 11 4 01 13 95.67 62.94 
2014 11 4 01 14 -420.22 -420.22 
2014 11 4 01 15 95.22 235.02 
2014 11 4 01 16 -223.16 -223.16 
2014 11 4 01 17 -54.67 -54.67 
2014 11 4 01 23 95.56 64.51 
2014 11 4 01 24 172.74 172.74 
2014 11 4 01 25 -33.18 -33.18 
2014 11 4 01 26 95.00 64.62 
2014 11 4 01 27 311.96 311.97 
2014 11 4 01 30 -391.34 -391.34 
2014 11 4 01 31 -401.76 -401.76 
2014 11 4 01 32 311.14 311.14 
2014 11 4 01 33 95.67 62.94 
2014 11 4 01 34 96.12 62.71 
2014 11 4 01 36 -182.78 62.60 
2014 11 4 01 37 100.40 100.40 
2014 11 4 01 38 191.92 191.92 
2014 11 4 01 43 97.25 65.07 
2014 11 4 01 44 387.06 387.06 
2014 11 4 01 45 97.36 64.96 
2014 11 4 01 46 -228.49 -228.49 
2014 11 4 01 47 -227.94 -227.94 
2014 11 4 01 48 97.47 64.96 
2014 11 4 01 49 97.59 -136.24 
2014 11 4 01 50 -326.42 -326.42 
2014 11 4 01 51 -86.97 -86.97 
2014 11 4 01 52 97.81 64.06 
